1,-5.3117,-18.643,-3.4206
2,-2.3644,-21.758,-4.5093
3,-1.9418,-21.432,-4.005
4,-2.2974,-23.562,-3.6652
5,-3.7282,-23.796,-3.1499
6,-2.4083,-24.16,-3.0956
7,-3.4038,-24.727,-2.1744
8,-4.1453,-24.921,-2.116
9,-5.7272,-24.451,-2.0335
10,-3.0477,-25.698,-2.3766
11,-3.747,-25.253,-2.9426
12,-3.9398,-25.639,-3.0752
13,-3.0765,-26.458,-3.1241
14,-3.5718,-27.654,-2.7829
15,-3.3258,-27.22,-2.7009
16,-5.4036,-29.34,-2.3678
17,-4.8296,-28.724,-2.031
18,-5.0568,-30.051,-2.4557
19,-3.2653,-33.59,-3.988
20,-2.6005,-35.613,-3.8617
21,-0.98996,-37.029,-4.0474
22,-1.7093,-38.043,-4.1771
23,-1.4514,-38.298,-3.7864
24,-2.5333,-37.644,-3.2391
25,-2.4081,-38.151,-3.377
26,-4.3498,-37.058,-2.3442
27,-3.6954,-37.537,-2.9159
28,-3.0129,-36.492,-2.2898
29,-1.6283,-37.9,-2.4714
30,-2.936,-38.149,-2.5704
31,-0.77614,-38.694,-2.4878
32,-2.2479,-39.534,-2.3318
33,-5.0429,-38.24,-2.7325
34,-5.389,-36.37,-2.4954
35,-6.0298,-35.306,-2.7813
36,-6.3989,-35.387,-2.366
37,-6.5752,-36.483,-2.367
38,-6.7729,-36.734,-2.1163
39,-6.2647,-36.039,-2.3868
40,-6.6954,-35.686,-2.3678
41,-7.0971,-37.948,-1.5525
42,-7.3498,-37.853,-1.3497
43,-7.5173,-40.409,0.15926
44,-8.3426,-41.454,0.32944
45,-10.635,-40.254,1.4328
46,-7.2536,-40.079,0.11193
47,-8.014,-40.143,-1.7795
48,-7.9848,-39.168,-2.5702
49,-8.0906,-40.188,-1.6405
50,-10.772,-39.014,-1.2189
51,-12.198,-39.183,-1.3419
52,-14.044,-37.522,-0.78799
53,-14.948,-35.862,-1.2741
54,-14.688,-37.716,-1.1665
55,-11.778,-40.843,-1.2318
56,-12.689,-38.501,-1.035
57,-12.264,-38.278,-1.4529
58,-11.571,-37.607,-1.727
59,-10.898,-37.453,-1.6343
60,-9.8806,-39.658,-1.9952
61,-9.1854,-40.584,-2.2819
62,-10.034,-38.711,-2.0303
63,-10.234,-38.534,-2.3945
64,-10.128,-39.2,-2.3083
65,-8.6147,-40.603,-2.1301
66,-9.0406,-40.148,-2.3832
67,-12.638,-37.365,-2.9371
68,-11.045,-40.877,-1.6534
69,-12.404,-38.432,-2.1983
70,-12.632,-39.625,-2.2988
71,-12.554,-40.351,-1.9327
72,-14.919,-38.382,-1.8786
73,-12.807,-39.993,-1.7602
74,-8.0357,-41.537,-2.1087
75,-8.9006,-40.069,-0.21519
76,-5.9183,-40.467,-1.129
77,-4.6397,-40.517,-0.86766
78,-4.9635,-41.499,-0.38111
79,-6.268,-42.012,-0.85354
80,-6.992,-41.854,-0.56477
81,-5.402,-43.845,-0.069718
82,-5.7048,-42.817,-0.26709
83,-5.1001,-42.493,-1.1166
84,-7.0383,-43.311,0.11464
85,-5.3535,-44.8,-0.67441
86,-6.0759,-46.521,0.078474
87,-7.5191,-46.97,0.78733
88,-6.6795,-48.128,1.8739
89,-7.1198,-48.644,1.1453
90,-5.7536,-48.215,-0.080849
91,-4.7162,-47.666,-0.34231
92,-2.1294,-46.926,-2.4494
93,-3.4432,-45.385,-2.5412
94,-2.3131,-45.421,-2.8619
95,-1.4499,-44.434,-3.8123
96,-1.6886,-43.638,-3.7284
97,-1.7188,-43.059,-4.4464
98,-3.6694,-42.161,-3.9555
99,-3.6561,-44.315,-3.6141
100,-6.815,-44.482,-3.7388
101,-7.6256,-41.866,-4.5162
102,-6.3188,-43.313,-4.5327
103,-6.0617,-44.081,-4.6871
104,-6.4859,-43.689,-4.8024
105,-5.1729,-43.529,-5.3024
106,-5.7017,-43.337,-5.719
107,-5.5311,-42.861,-5.7503
108,-5.5399,-40.443,-6.4872
109,-5.5096,-42.171,-6.1733
110,-5.762,-40.684,-6.1344
111,-4.243,-39.182,-7.121
112,1.2603,-42.35,-8.9519
113,-0.64651,-36.507,-7.6338
114,-1.798,-33.557,-7.1455
115,-2.3398,-29.698,-6.811
116,1.2663,-25.818,-7.9913
117,4.1381,-25.436,-7.8637
118,4.3296,-23.321,-6.9548
119,8.3806,-19.074,-6.2115
120,9.5957,-13.618,-4.8154
121,11.896,-10.545,-3.4775
122,12.036,-6.7389,-1.7175
123,13.397,-2.9671,-1.2189
124,13.662,2.0741,0.28681
125,14.675,4.7731,0.086141
126,14.522,6.4594,1.186
127,13.726,7.8698,1.2971
128,14.826,7.4525,0.90804
129,12.581,8.1928,1.72
130,13.926,7.8854,1.3645
131,14.39,6.4714,1.2443
132,12.077,4.9586,1.7446
133,10.6,4.627,1.9047
134,12.187,4.3174,2.0815
135,10.491,5.9944,2.0255
136,11.828,4.5478,2.0276
137,11.704,4.6263,2.4688
138,9.7907,4.7929,2.974
139,10.839,5.9459,2.9187
140,10.307,6.2776,3.7553
141,9.6023,7.9833,3.8654
142,9.8825,7.9252,4.2965
143,7.797,8.7523,4.3236
144,8.3592,8.5594,4.582
145,8.4725,8.6326,4.5624
146,9.2957,9.0343,4.4756
147,9.5234,8.1202,4.5101
148,11.418,6.7142,4.6098
149,8.2684,3.771,4.7665
150,9.9142,3.0129,4.8466
151,9.1299,-2.0771,4.5582
152,5.8997,-8.3678,3.4554
153,5.3649,-14.276,2.7797
154,5.2157,-20.837,1.2088
155,6.6958,-26.256,-0.44408
156,-3.7715,-29.899,-0.73702
157,-6.2564,-33.928,-0.62596
158,-5.3014,-35.833,-1.6883
159,-6.215,-35.944,-2.3234
160,-6.1577,-39.673,-1.9779
161,-6.7965,-39.375,-2.4475
162,-6.4173,-40.453,-2.4805
163,-10.128,-40.156,-2.6083
164,-7.7692,-41.033,-3.4331
165,-8.3714,-36.922,-3.261
166,-8.9256,-38.934,-3.6415
167,-10.138,-38.226,-3.634
168,-11.209,-36.449,-3.3709
169,-10.678,-38.507,-2.7166
170,-14.661,-35.341,-2.4936
171,-14.589,-35.462,-2.647
172,-16.544,-33.301,-2.4221
173,-17.622,-33.673,-1.715
174,-17.546,-32.9,-1.7916
175,-18.211,-32.621,-1.9438
176,-19.559,-32.965,-1.2492
177,-20.552,-32.129,-1.3928
178,-20.174,-31.926,-0.84375
179,-21.424,-29.167,-1.0555
180,-15.66,-33.997,-0.43931
181,-14.371,-34.093,-0.57667
182,-14.364,-33.029,-0.38268
183,-14.769,-33.122,-0.54248
184,-16.809,-29.177,-0.74576
185,-16.101,-27.49,-0.93098
186,-12.667,-29.269,-0.37427
187,-14.094,-27.838,-0.23209
188,-12.303,-28.212,0.045548
189,-15.242,-27.612,0.057279
190,-13.406,-28.103,0.23528
191,-9.8245,-29.699,-0.31402
192,-11.497,-29.214,-0.68864
193,-8.29,-32.456,-0.61821
194,-7.6607,-31.226,-0.32863
195,-10.532,-28.128,-0.40166
196,-12.132,-27.479,0.12076
197,-14.748,-25.521,-0.01402
198,-15.78,-24.643,0.29128
199,-14.028,-26.599,0.36415
200,-14.788,-25.406,0.64403
201,-13.355,-26.29,1.053
202,-13.09,-26.754,1.7153
203,-14.025,-26.138,1.1255
204,-13.467,-25.537,1.4119
205,-11.469,-25.804,1.1265
206,-8.5113,-25.977,0.93372
207,-4.4877,-28.59,1.0809
208,-4.842,-27.801,1.1563
209,-5.0608,-27.471,1.1755
210,-2.4253,-29.547,1.1226
211,-1.8706,-29.808,0.88266
212,-3.6956,-30.392,1.0082
213,-1.8831,-30.384,0.80443
214,-2.8775,-29.842,0.66418
215,-3.2792,-33.197,1.4818
216,-0.30626,-33.64,1.4733
217,-1.7873,-33.16,1.965
218,-2.2689,-34.186,1.8757
219,-1.5908,-34.082,1.7595
220,-1.3365,-35.914,2.2606
221,-2.5057,-35.934,2.2014
222,-1.5272,-36.241,1.7554
223,-1.5646,-38.009,2.2602
224,-2.4979,-39.228,2.4199
225,-2.056,-38.405,2.4404
226,-4.6338,-40.672,2.8714
227,-2.4143,-40.757,3.3292
228,-4.6298,-40.209,4.0986
229,-3.9972,-40.643,3.6353
230,-1.9547,-40.728,4.1826
231,-0.35264,-39.456,3.9647
232,-2.0474,-39.429,3.7527
233,1.4936,-39.337,3.8678
234,2.1435,-39.564,4.6825
235,2.5054,-39.014,4.233
236,2.8361,-37.83,3.8779
237,2.2069,-37.534,3.9761
238,2.974,-36.688,4.1516
239,2.7902,-36.609,3.8329
240,3.1116,-36.311,2.6493
241,2.2784,-37.117,3.3974
242,2.1884,-36.519,3.198
243,1.5498,-36.078,3.199
244,1.627,-36.347,3.3854
245,0.28113,-35.475,3.2132
246,1.1905,-36.802,4.1123
247,0.76442,-35.965,4.3834
248,2.0492,-36.391,4.5548
249,0.80423,-35.451,4.4385
250,1.1845,-35.103,4.9424
251,0.38547,-34.215,4.6683
252,1.3533,-35.236,4.4414
253,2.6587,-34.54,4.6795
254,0.95874,-34.837,5.236
255,1.8552,-33.089,4.9929
256,1.545,-32.471,5.2237
257,4.7826,-34.244,6.4079
258,2.6874,-34.147,8.1179
259,1.1918,-32.661,8.3121
260,3.96,-31.311,8.4923
261,3.538,-30.216,8.2863
262,4.3231,-28.826,8.6942
263,3.5072,-27.415,9.4244
264,4.4781,-26.875,9.4747
265,6.5215,-26.329,9.8384
266,3.9355,-25.711,9.4935
267,2.9612,-23.784,9.7278
268,3.73,-24.133,9.3557
269,3.7136,-23.38,9.224
270,3.2246,-23.146,9.1752
271,2.9184,-22.967,9.5624
272,2.9283,-22.082,9.3367
273,2.598,-20.509,8.5649
274,3.8901,-19.901,8.7091
275,3.9704,-19.136,8.5699
276,2.7884,-18.877,8.7687
277,3.3004,-19.007,8.6214
278,0.73937,-17.341,8.9114
279,-0.51605,-19.34,9.204
280,-0.17477,-18.052,9.4816
281,1.1305,-19.605,9.6822
282,12.116,-10.262,7.1712
283,11.843,-11.4,7.1306
284,10.958,-11.022,6.7703
285,11.411,-11.428,6.5584
286,12.747,-12.105,7.002
287,10.05,-11.175,6.6942
288,10.755,-10.617,6.6847
289,9.2642,-11.517,6.5558
290,11.479,-11.397,6.8949
291,12.136,-11.122,6.8072
292,10.648,-10.864,6.9099
293,10.448,-9.9942,6.785
294,10.987,-10.543,7.0426
295,11.806,-10.41,6.7925
296,12.69,-11.192,6.5624
297,12.541,-10.222,6.6468
298,12.624,-10.838,6.3796
299,12.447,-9.466,6.4911
300,12.476,-9.5112,6.3237
301,12.488,-9.9474,5.9104
302,13.155,-10.204,5.7012
303,12.858,-9.4206,5.8969
304,13.165,-10.576,6.2414
305,11.217,-10.83,6.7518
306,12.963,-10.632,6.8342
307,13.009,-11.669,7.0589
308,11.977,-11.477,7.4711
309,10.45,-12.367,7.5529
310,12.556,-11.63,7.7444
311,10.861,-11.897,7.6291
312,12.084,-12.2,7.6775
313,11.926,-13.011,8.1845
314,13.709,-12.201,8.2081
315,12.155,-13.13,7.8351
316,10.292,-12.101,7.6717
317,11.572,-13.324,7.6934
318,12.274,-13.719,7.6651
319,13.111,-13.452,7.8234
320,13.305,-12.865,7.55
321,13.816,-13.224,7.5355
322,14.031,-11.79,6.5585
323,13.084,-12.306,6.8759
324,12.086,-13.227,7.0745
325,11.561,-12.833,7.2303
326,14.54,-13.08,7.4762
327,14.437,-14.564,7.8154
328,12.455,-14.007,8.1165
329,14.859,-14.815,8.8112
330,13.631,-15.227,8.9217
331,14.406,-14.054,9.3211
332,16.866,-13.862,9.6998
333,15.069,-13.471,9.9966
334,16.557,-14.41,10.215
335,15.938,-14.409,10.425
336,16.245,-14.021,10.61
337,14.683,-15.332,10.324
338,15.583,-17.53,11.051
339,15.082,-18.631,11.384
340,14.658,-18.986,11.132
341,13.111,-21.23,10.794
342,14.398,-22.579,11.007
343,11.675,-24.954,9.9932
344,11.2,-27.126,9.5925
345,8.9256,-32.459,8.8173
346,6.692,-35.087,7.3514
347,6.9275,-40.694,6.6364
348,3.375,-41.42,5.7733
349,-0.43019,-40.867,9.2924
350,-9.2786,-42.171,19.46
351,-12.529,-33.14,18.892
352,-16.039,-35.823,16.243
353,-16.563,-32.776,12.442
354,-18.364,-27.452,11.877
355,-19.632,-22.16,10.081
381,4.2854,-34.951,3.5079
382,11.007,-33.069,2.6881
383,8.8931,-28.161,3.7097
384,8.184,-24.061,4.0868
385,7.7931,-23.285,4.7292
386,8.0328,-19.971,5.1601
387,7.0103,-19.466,5.9058
388,5.1731,-18.571,5.9231
389,7.2185,-18.398,6.5579
390,6.6591,-17.962,6.6396
391,7.4449,-17.973,6.5312
392,4.9545,-17.951,6.4059
393,5.0952,-16.439,6.3062
394,7.429,-16.775,6.1014
395,10.683,-16.132,6.1652
396,11.325,-15.186,5.7308
397,13.075,-14.417,5.3084
398,15.736,-14.625,4.9463
399,16.253,-14.302,5.1171
400,17.532,-14.131,4.801
401,16.616,-14.387,5.5022
402,21.509,-14.011,5.4658
403,22.229,-14.135,5.9999
404,21.1,-13.377,6.665
405,21.41,-12.521,6.2633
406,22.3,-12.957,5.7617
407,22.721,-13.576,5.6565
408,24.954,-13.372,5.327
409,24.527,-13.33,5.212
410,23.051,-12.156,5.1871
411,22.217,-11.246,5.4896
412,21.622,-11.603,6.1559
413,21.929,-11.845,6.0182
414,20.637,-11.455,6.1446
415,18.666,-11.948,5.2955
416,19.516,-12.202,4.7753
417,20.936,-12.034,4.3084
418,21.136,-13.215,4.4976
419,19.261,-14.669,4.5262
420,19.904,-13.753,4.7506
421,18.163,-13.996,5.598
422,16.51,-13.853,5.859
423,17.872,-13.714,5.9615
424,15.837,-12.465,5.7097
425,16.739,-13.449,5.8425
426,16.282,-13.128,5.2775
427,15.96,-12.253,5.1962
428,15.658,-12.841,4.6255
429,13.948,-12.267,4.1505
430,13.912,-13.396,4.1634
431,12.918,-12.716,4.3157
432,11.494,-12.632,4.444
433,8.584,-12.006,4.9162
434,7.7002,-11.572,5.6073
435,8.2189,-11.49,6.5075
436,7.8842,-11.642,7.602
437,5.7167,-10.122,7.7337
438,7.1206,-11.457,8.4675
439,8.6488,-11.457,8.5167
440,7.7596,-12.578,8.1182
441,6.4746,-11.364,8.7655
442,8.0547,-11.553,8.3375
443,6.3252,-10.816,7.9831
444,6.9672,-11.46,7.0084
445,8.5303,-10.31,6.5416
446,8.711,-10.574,6.7717
447,8.2316,-10.149,6.6716
448,9.4427,-9.8755,6.5535
449,8.3806,-10.134,6.5588
450,9.4294,-10.491,6.4652
451,9.1924,-11.581,6.336
452,8.5551,-11.643,6.3112
453,8.3681,-11.106,5.9845
454,9.3212,-12.254,6.3881
455,8.1761,-11.986,5.9889
456,7.3971,-12.882,6.0811
457,7.792,-12.706,6.1994
458,7.9343,-12.43,5.918
459,6.8137,-12.189,5.6706
460,7.045,-12.686,5.3456
461,6.7359,-11.762,5.0827
462,7.3157,-11.35,4.4228
463,8.7958,-11.98,4.2611
464,8.0226,-16.944,0.91834
465,11.485,-18.028,1.2626
466,10.9,-16.753,0.88191
467,12.054,-16.316,0.90892
468,14.393,-15.481,0.9362
469,11.852,-13.417,1.1038
470,14.172,-13.724,1.0277
471,13.111,-13.021,0.57266
472,14.836,-11.272,0.30088
473,10.665,-11.745,0.62806
474,10.775,-11.174,1.2275
475,8.1657,-11.275,1.2811
476,7.3039,-11.243,2.262
477,7.7407,-12.278,2.4961
478,8.506,-12.475,2.8554
479,10.669,-12.142,3.4569
480,10.169,-9.9757,3.6425
481,10.003,-11.943,4.1309
482,9.9703,-10.336,4.2398
483,11.947,-7.6792,4.3595
484,13.137,-6.611,4.0295
485,14.093,-4.0847,3.4661
486,14.532,-2.9307,2.7846
487,15.462,-3.1944,2.5642
488,16.723,-1.6789,2.1355
489,15.619,-1.3478,1.7004
490,15.803,-1.4643,2.0186
491,15.535,-0.85127,2.1087
492,16.746,3.7345,2.5342
493,18.144,6.3049,3.9951
494,15.745,9.0922,4.7294
495,15.089,12.393,6.4064
496,15.896,12.43,7.45
497,13.199,15.144,7.8579
498,16.005,17.764,8.6421
499,15.616,16.631,8.8246
500,17.229,16.109,8.7495
501,14.385,17.274,7.7675
502,14.915,17.66,8.2654
503,14.545,17.39,7.4866
504,16.491,16.418,7.2336
505,16.937,17.955,6.2
506,14.881,18.556,5.4924
507,16.998,19.138,4.1328
508,15.145,18.953,3.0459
509,12.47,20.476,2.3366
510,16.384,20.518,2.3324
511,14.637,19.169,2.5327
512,13.788,15.655,2.2511
513,17.455,11.995,2.3199
514,21.147,7.9613,1.7949
515,22.078,4.2179,1.7855
516,19.715,3.6031,0.73227
517,19.538,-0.32113,-0.031315
518,20.275,-1.9742,-0.78342
519,17.39,-4.1657,-1.1465
520,17.171,-4.6304,-1.5186
521,19.264,-4.7776,-1.5557
522,19.663,-4.926,-2.1936
523,18.883,-4.6813,-2.147
524,19.676,-5.0286,-2.1467
525,18.882,-5.6769,-2.4319
526,19.7,-5.4779,-1.993
527,17.665,-5.9963,-1.4813
528,18.526,-6.2158,-1.373
529,16.67,-7.5584,-0.90127
530,15.573,-7.8332,-0.48213
531,16.895,-7.801,-0.061129
532,17.889,-8.8405,-0.092701
533,18.037,-9.534,0.94455
534,16.956,-8.9948,0.78962
535,16.502,-10.671,1.0803
536,15.291,-10.958,0.75881
537,17.245,-11.449,0.50904
538,18.467,-10.631,-0.0041669
539,16.058,-10.357,-0.20973
540,15.705,-11.344,-0.29902
541,16.513,-10.268,-0.5809
542,14.558,-10.945,-0.67509
543,14.644,-10.739,-0.45204
544,14.917,-10.596,-0.79999
545,15.31,-10.54,-0.82494
546,13.985,-12.009,-0.98385
547,12.373,-10.798,-0.78828
548,15.005,-10.464,-0.69362
549,16.641,-11.345,-1.1692
550,15.89,-12.15,-1.4097
551,16.814,-12.931,-1.6554
552,18.942,-11.514,-2.8756
553,18.682,-12.627,-3.0129
554,20.04,-10.712,-3.8166
555,21.154,-10.928,-4.8517
556,18.917,-12.407,-5.7152
557,19.195,-11.312,-7.1051
558,19.304,-10.323,-8.196
559,19.179,-10.598,-9.2903
560,18.293,-10.875,-9.2971
561,20.181,-9.681,-10.557
562,18.958,-9.443,-10.691
563,17.277,-8.9723,-10.484
564,15.304,-9.7404,-9.7264
565,15.993,-9.8173,-9.1325
566,16.619,-10.468,-8.2198
567,16.368,-12.128,-7.3555
568,15.967,-12.91,-6.0572
569,21.184,-11.453,-6.8222
571,1.3378,-24.442,-4.7718
572,-1.5878,-37.58,-5.7925
573,-1.6647,-38.567,-5.8396
574,-0.34437,-40.433,-5.1408
575,2.0163,-41.367,-4.8695
576,1.5178,-41.964,-4.2901
577,1.5851,-38.961,-4.2426
578,0.40211,-39.694,-4.0051
579,2.1416,-41.866,-3.7388
580,1.6675,-40.082,-2.9529
581,2.3581,-43.062,-3.9121
582,-0.99298,-38.057,-3.5487
583,-3.7,-33.435,-2.0464
584,-1.1753,-29.263,-1.4426
585,-0.42662,-24.51,-0.94565
586,1.555,-20.301,-0.21234
587,1.0503,-14.658,0.84243
588,3.537,-8.8739,1.7703
589,4.2246,-4.6848,1.8937
590,3.4702,1.0351,2.5417
591,4.5116,6.7012,2.8045
592,2.0983,8.4507,3.2688
593,1.0769,10.703,3.1585
594,0.51434,14.004,3.4333
595,0.055084,15.73,3.4628
596,-0.20452,17.851,3.7583
597,0.84666,20.534,3.8526
598,0.71641,22.005,4.5138
599,0.075658,24.602,5.0421
600,-1.5281,25.941,5.568
601,-2.1207,26.517,5.4832
602,-2.3675,27.316,5.2674
603,-2.4946,27.175,5.2961
604,-3.6142,27.142,5.1716
605,-3.2898,28.73,4.71
606,-5.1253,28.778,5.2058
607,-5.2918,29.954,4.6707
608,-4.875,30.071,4.581
609,-5.5226,30.014,4.7765
610,-5.8736,29.807,4.8619
611,-4.6849,28.735,5.318
612,-5.151,28.487,5.4781
613,-5.6177,28.84,5.3883
614,-4.4313,28.554,5.7997
615,-6.1847,27.419,5.8029
616,-4.5374,26.943,5.4688
617,-2.8519,25.478,5.3768
618,-3.0307,25.963,5.465
619,-2.9934,25.783,5.1163
620,-2.7911,25.246,4.899
621,-3.3358,25.265,5.3605
622,-0.58602,23.566,5.3023
623,0.01073,22.17,5.4964
624,0.40261,19.775,5.7484
625,2.1885,16.041,6.0814
626,5.2769,12.673,5.8794
627,7.8121,6.3329,6.3125
628,6.1015,3.5887,5.4949
629,8.7605,-3.175,5.0167
630,5.1962,-12.16,4.2466
631,4.1179,-16.44,2.7345
632,2.4294,-21.708,1.4535
633,-3.1418,-29.731,1.3878
634,-1.0108,-38.162,0.34605
635,-1.1015,-41.045,1.2821
636,-3.3234,-44.18,1.6206
637,-6.4135,-39.721,1.4552
638,-7.6007,-38.35,0.42233
639,-6.8278,-36.004,-2.2488
640,-9.3424,-33.476,-2.3824
641,-10.412,-32.92,-1.8871
642,-10.181,-32.179,-2.7302
643,-10.418,-31.719,-2.682
644,-10.819,-31.429,-3.0978
645,-8.9758,-33.85,-2.1659
646,-12.266,-34.606,-1.8017
647,-13.318,-30.829,-0.96212
648,-14.349,-31.995,-0.77264
649,-12.304,-32.347,-0.86146
650,-13.405,-32.099,-1.1764
651,-11.941,-33.012,-1.4227
652,-13.744,-31.569,-0.77835
653,-13.193,-31.911,-0.75821
654,-14.533,-31.003,-0.79472
655,-14.419,-30.475,-1.5823
656,-13.584,-31.018,-1.815
657,-12.943,-30.91,-1.4509
658,-11.021,-31.668,-2.0616
659,-7.8657,-32.949,-2.4247
660,-5.5379,-32.827,-2.2682
661,-4.1215,-32.952,-1.9738
662,-6.335,-29.546,-1.7822
663,-5.9117,-27.368,-2.4598
664,-5.1716,-28.396,-1.8372
665,-8.9231,-26.144,-0.13414
666,-6.5366,-27.241,0.8911
667,-5.6964,-26.054,1.2598
668,-2.4525,-19.266,1.4829
669,-0.74586,-13.516,2.0513
670,1.3205,-9.3769,2.2119
671,2.5885,-4.1301,2.6915
672,4.9872,-1.3259,2.9355
673,4.0917,4.0394,3.7062
674,6.0717,6.0986,3.4482
675,6.3444,8.4221,3.7461
676,5.5286,9.0034,4.2988
677,4.9464,9.6207,3.8947
678,5.973,8.893,3.9927
679,5.5733,8.1389,3.3466
680,5.8857,8.4578,3.524
681,6.2167,7.2214,3.2481
682,7.5617,5.1614,3.2243
683,6.3865,3.3562,2.8311
684,8.9316,1.0848,2.5755
685,8.6903,-2.2145,2.5742
686,3.7861,-7.8797,2.0634
687,2.4276,-12.496,2.1493
688,2.6543,-17.205,1.5437
689,2.0219,-19.832,1.0114
690,0.79335,-23.983,0.24525
691,0.034902,-28.499,-0.77333
692,-1.4765,-34.298,-1.3301
693,-3.1475,-36.396,-1.1392
694,-4.6912,-39.206,-0.93808
695,-6.9085,-39.671,-0.5545
696,-10.32,-41.48,0.17636
697,-9.3479,-45.074,0.28289
698,-9.7084,-45.487,0.26572
699,-8.8945,-45.21,0.48288
700,-9.1965,-44.268,1.3586
701,-8.5904,-43.513,1.226
702,-6.8269,-42.912,1.2892
703,-6.9321,-44.846,1.5273
704,-5.0179,-43.262,1.5734
705,-4.8785,-42.418,-0.092444
706,-4.446,-42.06,-1.0575
707,-6.4206,-41.311,-1.3457
708,-4.9479,-41.416,-1.4777
709,-7.1325,-38.696,-1.9359
710,-5.9471,-40.364,-2.184
711,-7.44,-40.194,-1.4431
712,-6.9833,-40.257,-1.905
713,-7.5606,-39.686,-1.2187
714,-6.2376,-38.479,-1.9301
715,-7.0047,-38.588,-1.7916
716,-7.5218,-39.354,-1.6059
717,-8.1754,-38.151,-2.2013
718,-3.1925,-37.881,-3.4544
719,-7.3923,-37.169,-1.7943
720,-6.3734,-36.121,-2.315
721,-5.645,-37.223,-2.134
722,-5.7204,-35.826,-1.9008
723,-5.6949,-34.194,-3.0126
724,-6.0965,-34.917,-2.1154
725,-4.273,-34.434,-1.9058
726,-3.2961,-33.626,-1.8437
727,-6.3539,-35.611,-1.9374
728,-3.6956,-38.754,-1.3798
729,-3.7502,-38.749,-1.6325
730,-1.9286,-38.546,-3.4904
731,-2.9308,-38.867,-3.3663
732,-2.95,-37.116,-3.6611
733,-4.209,-37.417,-3.193
734,-3.6867,-35.894,-3.3892
735,-4.3889,-33.568,-2.6889
736,-4.8843,-34.337,-2.5865
737,-5.2291,-34.847,-1.7418
738,-4.9954,-33.381,-1.3306
739,-5.0339,-33.758,-0.70955
740,-6.3164,-33.765,-0.82719
741,-5.5366,-33.475,-0.8267
742,-4.8814,-35.41,-0.56437
743,-5.7629,-36.836,0.64171
744,-4.066,-38.679,0.24821
745,-4.6421,-43.945,2.2953
746,-4.8508,-44.744,2.4239
747,-4.3194,-46.798,2.7869
748,-7.8971,-48.681,4.6067
749,-6.6772,-46.638,2.7152
750,-7.7261,-46.302,3.0198
751,-7.5912,-45.858,4.0451
752,-7.6979,-48.109,3.9404
753,-6.377,-47.797,4.4206
754,-3.5805,-47.681,4.3622
755,-5.702,-46.697,5.5751
756,-9.5807,-45.799,6.8423
757,-5.8875,-47.092,8.4089
758,-7.229,-44.594,8.2634
759,-6.0598,-43.931,9.2333
760,-5.9997,-41.475,9.3893
761,-6.919,-42.944,10.077
762,-7.5657,-41.105,11.128
763,-5.8008,-42.43,10.855
764,-8.0631,-42.225,11.696
765,-7.6406,-41.914,11.969
766,-6.3023,-39.188,10.971
767,-7.2294,-40.722,12.116
768,-7.0102,-38.68,12.332
769,-6.5482,-39.392,12.037
770,-4.7461,-36.787,11.528
771,-4.1073,-35.515,12.142
772,-3.6783,-32.642,11.755
773,-4.3942,-31.841,11.615
774,-3.2858,-30.1,11.663
775,-2.9063,-27.588,11.962
776,-2.9186,-27.476,12.385
777,-3.6296,-28.426,12.154
778,-3.3424,-25.731,11.416
779,-2.8076,-25.252,11.27
780,-3.7628,-25.165,13.152
781,-6.7736,-23.948,12.42
782,-3.4097,-24.51,13.123
783,-5.0084,-23.851,12.513
784,-6.3593,-23.329,12.224
785,-7.0391,-21.376,12.035
786,-5.8664,-21.088,12.923
787,-5.32,-21.451,12.99
788,-3.1311,-21.196,14.107
789,-2.4372,-20.656,13.637
790,-3.8968,-22.711,15.049
791,-3.8858,-22.53,15.2
792,-2.2423,-24.148,15.96
793,-0.54762,-22.933,14.693
794,-0.84276,-22.213,14.112
795,-1.5549,-22.353,13.923
796,9.0165,-6.9549,-0.55919
797,8.2964,-10.878,-0.44455
798,8.3344,-12.077,-0.26168
799,8.1621,-12.179,-0.43888
800,8.4219,-11.179,0.071843
801,5.8323,-12.446,0.34201
802,4.6148,-11.326,0.59303
803,6.8964,-12.236,0.50724
804,8.5828,-11.397,0.09457
805,7.3451,-10.138,-0.43815
806,7.966,-11.072,-1.1596
807,9.9915,-11.762,-1.1535
808,9.7421,-11.078,-1.479
809,8.6428,-10.719,-1.6068
810,10.449,-9.9725,-2.2724
811,9.5221,-10.134,-2.1101
812,8.0651,-10.432,-1.6078
813,8.6449,-10.444,-1.8373
814,7.5618,-10.494,-1.1728
815,8.1527,-10.058,-1.2613
816,9.05,-10.715,-1.6202
817,8.4681,-11.691,-1.2029
818,8.8791,-11.853,-1.3742
819,8.7026,-11.424,-1.7685
820,10.077,-12.243,-1.4058
821,7.5728,-11.663,-1.9353
822,8.5191,-12.363,-1.5937
823,8.6023,-11.242,-1.7648
824,9.02,-11.982,-1.8484
825,8.0592,-11.976,-1.5719
826,8.941,-11.006,-1.4706
827,7.8753,-11.282,-0.76587
828,8.3116,-12.635,-0.48039
829,9.4244,-11.964,-0.47006
830,10.111,-12.496,-1.1551
831,10.245,-12.178,-2.0392
832,9.2437,-11.521,-1.7029
833,9.0743,-13.239,-2.2463
834,8.9604,-12.823,-1.8166
835,8.0669,-12.614,-2.2369
836,7.8084,-13.454,-1.0402
837,7.4795,-13.613,-0.79892
838,7.3296,-14.059,-0.31141
839,10.638,-12.877,-0.57191
840,9.8959,-12.446,-0.53926
841,10.734,-14.201,-1.7649
842,9.9068,-13.028,-1.9586
843,10.948,-12.504,-1.7715
844,10.648,-13.977,-1.7108
845,9.9999,-13.83,-1.6902
846,10.148,-13.561,-1.6477
847,11.489,-12.975,-1.9095
848,10.2,-13.114,-1.816
849,10.224,-12.875,-2.3307
850,11.833,-12.643,-2.3648
851,11.47,-13.12,-2.2399
852,12.046,-13.173,-2.4933
853,12.639,-12.783,-2.1972
854,12.837,-14.796,-2.2856
855,14.286,-17.5,-2.9
856,10.021,-21.583,-3.2691
857,8.4587,-27.239,-5.0414
858,6.5738,-32.916,-6.8152
859,8.1007,-37.528,-7.77
860,10.345,-39.851,-8.8128
861,6.269,-42.144,-8.3008
862,7.3403,-43.654,-8.0386
863,8.7283,-45.345,-9.1551
864,4.8757,-44.98,-7.7087
865,2.9351,-44.941,-7.1069
866,2.5317,-44.893,-6.9895
867,0.94941,-45.613,-6.7816
868,0.28784,-45.572,-6.0117
869,0.95969,-44.538,-6.1297
870,1.3066,-45.923,-7.0056
871,3.7134,-45.111,-6.7795
872,4.0453,-44.833,-6.3222
873,3.0441,-44.968,-5.8862
874,5.4503,-44.053,-6.2606
875,2.6312,-41.596,-6.3129
876,5.0394,-40.461,-7.0765
877,-1.3777,-40.044,-5.1238
878,-1.9739,-33.58,-3.8788
879,-0.5645,-30.748,-4.0834
880,0.035379,-29.275,-2.9466
881,-0.14903,-22.832,-3.2846
882,2.1381,-20.212,-2.7978
883,3.5847,-16.023,-3.0197
884,3.521,-15.227,-2.3804
885,4.2138,-14.163,-2.0016
886,3.8434,-13.312,-1.7383
887,5.4105,-14.016,-1.206
888,5.905,-11.91,-1.0218
889,5.9605,-10.73,-0.58057
890,5.5632,-9.9405,-0.2712
891,6.8685,-7.7313,0.11531
892,7.4215,-6.7374,0.47483
893,8.5616,-4.6463,0.50003
894,8.5212,-3.7702,2.5104
895,6.7566,-0.59227,4.502
896,8.9287,2.4692,6.0645
897,10.572,7.9997,7.0902
898,9.648,10.3,8.4936
899,9.503,15.596,9.4361
900,9.7334,17.24,10.796
901,8.8584,20.851,11.604
902,11.178,22.361,12.785
903,12.262,23.224,13.407
904,10.714,23.113,13.631
905,13.032,24.871,13.717
906,13.298,25.87,14.281
907,15.959,26.962,14.703
908,12.42,26.918,14.115
909,13.104,28.202,14.226
910,14.006,27.353,13.962
911,14.609,28.046,13.656
912,13.769,27.035,13.657
913,14.385,26.609,13.19
914,14.671,25.743,13.161
915,13.488,21.803,12.404
916,12.408,15.832,10.801
917,10.85,9.5798,8.6977
918,13.573,3.6455,7.4732
919,16.391,1.8014,6.1758
920,12.941,0.2246,4.797
921,11.462,-2.052,3.3304
922,11.987,-4.2871,2.8552
923,9.2254,-5.7398,1.947
924,9.3953,-7.0376,1.7319
925,9.5075,-8.8193,1.9813
926,9.6615,-8.9224,1.8451
927,8.5529,-7.9951,1.7526
928,8.0086,-9.7609,1.8779
929,8.0395,-10.916,1.5707
930,9.0326,-9.9027,2.0422
931,8.3597,-10.102,1.7175
932,8.2701,-9.3343,1.7379
933,7.7698,-9.8123,2.0472
934,6.1146,-10.225,1.8537
935,7.7729,-9.009,1.9836
936,8.1817,-10.458,1.958
937,7.8776,-10.231,1.752
938,8.6025,-9.2641,1.6104
939,8.4495,-10.37,1.6495
940,7.7631,-9.4745,1.6912
941,7.5355,-8.9909,1.6553
942,9.3093,-10.838,1.7908
943,7.5545,-10.178,1.5274
944,8.6273,-11.103,2.6277
945,8.4463,-10.453,2.8225
946,8.9414,-11.345,2.9202
947,8.6816,-11.022,2.6715
948,10.409,-11.05,1.7707
949,8.8937,-10.508,1.7888
950,6.8086,-10.465,0.92309
951,7.2343,-11.172,1.1737
952,5.8976,-11.272,0.60256
953,4.9263,-11.023,1.0615
954,6.4799,-11.618,0.56489
955,5.5167,-11.932,0.83254
956,4.7895,-11.396,1.1851
957,4.4463,-12.161,1.2093
958,4.7124,-12.351,1.3556
959,5.9667,-12.136,1.1911
960,5.7764,-12.419,0.98997
961,6.5247,-12.67,1.2284
962,7.0536,-12.764,1.0493
963,7.19,-11.833,0.79741
964,8.35,-11.431,0.35947
965,8.3653,-12.45,-0.056025
966,9.2888,-12.674,-0.20184
967,8.9632,-13.146,-0.53941
968,8.2176,-12.302,-0.41479
969,10.511,-12.353,-0.57165
970,9.0098,-12.797,-0.10047
971,9.4722,-12.208,-0.21975
972,8.1831,-13.207,0.12822
973,9.591,-13.319,-0.27431
974,9.288,-12.804,0.08271
975,9.3147,-12.448,-0.013791
976,9.8657,-12.786,-0.074681
977,9.9217,-12.354,-0.38745
978,11.84,-12.39,-0.59183
979,11.519,-11.956,-0.84984
980,14.055,-11.789,-1.3231
981,13.081,-11.404,-1.2572
982,12.308,-12.068,-1.3957
983,11.726,-12.403,-1.3582
984,11.665,-11.595,-1.3171
985,11.06,-11.513,-1.1413
986,10.054,-11.944,-0.74018
987,9.9752,-10.773,-0.42872
988,12.376,-12.57,-0.39016
989,10.679,-12.134,0.26798
990,11.568,-12.102,1.0957
991,10.993,-12.644,1.4345
992,10.203,-12.661,1.6422
993,11.261,-11.788,1.0953
994,12.898,-10.721,-0.0083533
995,12.471,-12.458,-0.27824
996,11.612,-11.922,-0.33499
997,12.422,-10.758,-0.41266
998,11.319,-11.351,-0.65
999,10.49,-11.068,-0.75442
1000,10.288,-11.472,-1.0497
1001,8.9864,-11.808,-0.76065
1002,8.4712,-11.969,-0.76982
1003,9.7977,-12.032,-1.0287
1004,6.6929,-13.206,-0.04637
1005,4.4759,-13.275,0.15528
1006,2.7585,-13.814,0.0045609
1007,4.7293,-14.35,0.046651
1008,3.9908,-12.605,-0.17268
1009,4.9653,-13.106,0.027828
1010,6.0078,-13.068,-0.31161
1011,6.0912,-12.633,-0.75718
1012,6.5285,-13.049,-0.62402
1013,9.0539,-12.859,0.18329
1014,6.5804,-12.406,0.58979
1015,7.6305,-13.678,0.43939
1016,7.9487,-12.87,-0.45503
1017,6.5323,-13.654,-0.81425
1018,7.5857,-12.804,-1.298
1019,7.1635,-13.105,-1.3512
1020,7.6465,-12.427,-1.2887
1021,6.3441,-13.375,-1.2356
1022,6.3377,-12.363,-1.0587
1023,7.0484,-13.155,-1.333
1024,5.7466,-11.728,-1.2562
1025,6.9312,-11.559,-1.5414
1026,5.5131,-12.244,-1.5117
1027,4.6388,-11.669,-1.6397
1028,5.8279,-11.443,-1.6144
1029,4.5458,-11.035,-1.4335
1030,7.6741,-9.0461,-0.57555
1031,4.4123,-6.7026,0.0059303
1032,4.3793,-4.3575,0.64756
1033,4.6348,-2.4813,1.4211
1034,3.2411,-1.2596,1.8555
1035,4.7154,0.49327,1.6419
1036,5.5431,-0.37383,1.6563
1037,5.0347,0.023105,1.782
1038,5.2962,0.27007,1.4997
1039,5.3092,0.20126,1.5086
1040,4.0906,-0.77639,1.1002
1041,3.8679,-0.23736,0.77982
1042,3.0368,-1.8086,0.57269
1043,1.764,-1.7123,0.67759
1044,0.9817,-1.1325,0.64865
1045,1.9382,-2.9495,1.1232
1046,2.3206,-2.1803,1.0349
1047,0.70754,-0.92677,1.263
1048,0.75131,0.59514,1.8591
1049,1.0675,0.96001,1.9621
1050,1.6153,1.3651,2.3226
1051,2.8344,2.0886,2.7734
1052,3.973,0.43736,2.1065
1053,4.4604,0.5083,2.5863
1054,2.9899,1.3139,2.4086
1055,2.4849,1.2452,1.9999
1056,4.0937,1.1273,2.0225
1057,4.3757,0.24618,2.5115
1058,3.4576,0.72359,1.8132
1059,4.1721,0.96509,2.6564
1060,3.0041,1.3193,2.0457
1061,2.5002,2.295,2.0748
1062,2.2304,0.81389,2.4086
1063,3.6572,1.3864,2.1159
1064,4.5801,0.7488,2.5004
1065,2.076,0.79911,2.2809
1066,4.9927,0.55565,2.6504
1067,3.5367,-0.54607,2.984
1068,3.9118,-0.37062,2.786
1069,2.0707,-0.98906,2.0044
1070,2.2236,-1.0095,2.0028
1071,2.5606,-1.8278,1.7189
1072,2.9239,-1.9295,1.9089
1073,2.9947,-3.4749,1.8797
1074,2.6636,-3.1605,1.6749
1075,1.4133,-2.5015,1.8196
1076,0.64254,-4.444,1.7748
1077,1.9265,-4.66,1.5546
1078,2.1966,-5.6174,1.4321
1079,3.1138,-6.5018,0.89821
1080,1.7799,-6.9926,1.492
1081,2.8255,-8.0754,1.2721
1082,2.7609,-7.9263,1.9405
1083,2.2214,-8.2174,1.7302
1084,1.5685,-8.8835,1.9501
1085,1.0515,-7.7182,2.2408
1086,2.0083,-7.7402,2.7436
1087,1.2516,-7.5645,3.2113
1088,2.1221,-6.738,2.4945
1089,0.94415,-5.4965,2.3796
1090,3.0477,-4.2228,2.0069
1091,1.9932,-3.614,1.2955
1092,3.8236,-1.7477,1.848
1093,4.0995,-2.3882,1.5365
1094,4.7482,-2.0099,1.4441
1095,4.997,-1.078,1.0023
1096,3.9442,-1.7096,0.65007
1097,4.8008,-0.8599,0.39395
1098,3.921,-1.0673,0.42849
1099,3.5236,-0.85961,0.80387
1100,2.9533,-0.67364,1.1752
1101,3.4635,-1.0889,1.6044
1102,2.5424,0.018246,2.2364
1103,1.067,1.5025,2.4148
1104,1.7094,3.1001,2.6903
1105,2.9219,5.6505,3.832
1106,4.2413,7.1527,4.1444
1107,6.2346,6.485,4.1878
1108,2.6769,10.181,5.3514
1109,3.4394,11.531,5.6501
1110,4.0326,11.514,6.1509
1111,4.8134,11.293,6.608
1112,5.2843,11.688,6.8196
1113,4.7264,11.556,7.1669
1114,6.525,12.282,6.8576
1115,6.6278,12.385,6.6851
1116,5.9701,13.111,6.6628
1117,4.055,13.111,6.0276
1118,4.026,12.864,6.3623
1119,4.6602,12.866,6.2561
1120,3.8278,12.032,7.0751
1121,3.5661,11.38,7.1104
1122,3.5126,11.078,6.8563
1123,3.2342,11.846,6.8417
1124,1.9367,13.693,6.1236
1125,4.0737,12.197,6.0918
1126,1.7469,15.172,4.4269
1127,1.6149,18.078,3.7087
1128,1.6649,18.031,3.3461
1129,0.44987,17.993,2.5204
1130,2.0268,18.939,2.0072
1131,2.8107,19.246,1.7039
1132,1.6804,19.45,0.7475
1133,2.6122,17.857,1.0527
1134,1.1722,15.647,0.029619
1135,3.0314,14.22,0.41492
1136,4.9687,10.842,0.68943
1137,3.1499,11.253,0.085163
1138,1.1236,10.195,0.24802
1139,2.8814,6.2208,-0.26877
1140,4.9613,1.4475,-0.15355
1141,6.8977,-1.5499,-0.21765
1142,6.8785,-6.4226,-0.47824
1143,3.6832,-13.925,-0.9816
1144,2.9944,-16.835,-1.7185
1145,1.7182,-18.729,-1.7637
1146,2.2813,-22.846,-3.1397
1147,0.87208,-26.14,-2.9319
1148,1.0205,-28.015,-2.5125
1149,2.1424,-29.303,-2.6441
1150,-0.22894,-29.905,-2.736
1151,0.22139,-29.048,-2.5869
1152,0.10648,-31.062,-2.3701
1153,1.0612,-31.282,-2.6364
1154,0.33672,-32.451,-2.6897
1155,1.7562,-32.473,-2.3467
1156,-1.2627,-33.419,-1.7417
1157,-0.60798,-33.062,-1.3302
1158,0.74631,-33.028,-1.6764
1159,-2.2062,-34.05,-0.97535
1160,-1.7398,-33.516,-0.9952
1161,-1.2514,-32.307,-1.1632
1162,-0.45475,-33.274,-1.6461
1163,-0.31838,-33.025,-1.3916
1164,-0.85765,-33.154,-1.6672
1165,-1.5664,-34.728,-1.4584
1166,-1.0448,-33.398,-2.0361
1167,-1.025,-31.42,-2.3778
1168,-0.82892,-30.922,-2.1893
1169,-1.5057,-30.947,-2.1825
1170,-0.63666,-29.933,-2.4636
1171,-1.2631,-28.714,-2.3635
1172,0.56874,-28.372,-1.7198
1173,-1.5125,-27.454,-1.7198
1174,-0.18653,-27.221,-1.573
1175,-0.81589,-27.599,-1.4167
1176,-1.4004,-27.874,-1.2048
1177,-0.98631,-26.871,-1.1793
1178,-0.92234,-27.694,-0.84619
1179,-1.2819,-27.286,-0.641
1180,-0.80566,-26.813,-0.4132
1181,-0.3521,-27.319,-0.26698
1182,0.73844,-27.784,-0.44918
1183,0.82816,-25.438,-0.4219
1184,0.77018,-25.696,-0.79141
1185,-0.12187,-25.899,-0.75971
1186,1.3867,-26.024,-0.90655
1187,0.031548,-26.94,-0.92459
1188,0.50812,-26.305,-1.2772
1189,-0.31306,-26.876,-1.0773
1190,0.20696,-27.372,-1.9069
1191,-0.52173,-29.091,-1.7201
1192,0.87017,-32.696,-3.0368
1193,0.45763,-34.945,-4.1317
1194,-0.10692,-36.712,-4.1039
1195,-1.865,-37.703,-4.3544
1196,-2.8323,-41.162,-4.186
1197,-3.9151,-37.417,-4.1092
1198,-6.243,-35.129,-3.4619
1199,-8.2133,-35.951,-3.3857
1200,-10.972,-32.148,-2.6152
1201,-11.091,-35.527,-2.1911
1202,-11.876,-35.66,-2.3424
1203,-13.898,-36.014,-2.1169
1204,-13.533,-36.465,-2.4046
1205,-14.556,-37.586,-2.8256
1206,-13.324,-33.722,-2.1999
1207,-14.485,-34.419,-2.3667
1208,-12.483,-34.158,-2.648
1209,-12.864,-31.836,-2.1737
1210,-14.065,-30.253,-1.7412
1211,-10.449,-29.877,-1.8719
1212,-13.778,-28.534,-1.5966
1213,-11.707,-31.075,-2.0247
1214,-10.055,-29.393,-1.8177
1215,-13.171,-28.295,-1.4498
1216,-10.003,-28.858,-2.041
1217,-8.0983,-28.872,-2.7442
1218,-6.7512,-26.575,-3.0505
1219,-8.432,-25.323,-2.2111
1220,-6.4869,-21.991,-1.5296
1221,-0.70158,-11.561,-0.92494
1222,2.8825,-7.1684,-0.20075
1223,3.7346,-2.7534,1.1762
1224,4.0401,4.9577,1.9559
1225,1.9496,10.335,2.6774
1226,-1.2012,15.96,3.171
1227,-2.3841,22.848,3.5302
1228,-1.9707,27.436,4.2952
1229,-0.98435,31.815,5.0165
1230,-1.9959,28.232,4.5613
1231,-3.093,29.698,4.1809
1232,-2.4115,30.826,4.0142
1233,-3.1605,32.15,4.3096
1234,-2.6209,32.399,4.3033
1235,-1.666,33.256,4.1219
1236,-2.1277,36.126,4.5802
1237,-1.9197,34.223,4.1121
1238,-2.3866,34.928,4.2728
1239,-1.9796,34.328,4.465
1240,-1.5795,35.257,4.4106
1241,-2.9092,34.879,4.5549
1242,-3.8126,35.329,4.3736
1243,-3.6932,35.021,4.4634
1244,-4.5875,33.737,4.0606
1245,-5.1231,33.964,4.4726
1246,-5.2476,31.359,4.4223
1247,-6.3119,33.693,4.2881
1248,-5.9151,31.175,4.205
1249,-5.6225,31.138,3.6772
1250,-6.5941,31.318,4.0708
1251,-7.2873,31.673,4.3524
1252,-5.8775,33.192,4.7881
1253,-7.3061,33.285,4.7863
1254,-6.9378,32.959,4.8335
1255,-6.6549,33.029,4.5264
1256,-7.5749,33.177,4.6088
1257,-6.4562,32.942,4.4596
1258,-4.8664,32.039,5.2514
1259,-4.4391,30.656,5.1122
1260,-5.6915,29.491,5.0451
1261,-4.376,28.943,4.8289
1262,-4.5311,28.396,4.9146
1263,-5.7539,27.526,4.8603
1264,-5.0799,27.586,4.9463
1265,-5.3377,25.54,4.8054
1266,-5.3173,24.088,4.3595
1267,-5.5295,23.619,4.4984
1268,-4.9002,21.875,4.619
1269,-5.7679,21.926,4.6654
1270,-3.6454,19.629,4.5188
1271,-3.6074,19.248,4.673
1272,-4.2179,16.345,5.4296
1273,-2.925,15.702,6.1774
1274,-1.2578,13.165,6.5744
1275,-0.71842,11.053,6.7344
1276,0.80976,9.7727,6.8858
1277,0.52168,9.7676,6.2509
1278,1.9463,9.4599,6.7205
1279,0.37194,9.2146,6.0219
1280,-0.30272,7.8892,5.9469
1281,1.0989,6.7551,5.9634
1282,1.075,5.0299,5.6556
1283,3.8403,0.74176,4.9063
1284,3.5451,-5.7812,3.871
1285,-0.80018,-10.237,2.3416
1286,-1.5988,-13.748,1.7191
1287,-0.29783,-25.734,0.15384
1288,0.36372,-34.431,-1.006
1289,-1.1692,-38.738,-2.5698
1290,-0.81059,-42.19,-3.3709
1291,-1.4432,-42.959,-3.3969
1292,-2.2375,-44.661,-4.2631
1293,-0.089992,-44.636,-4.5905
1294,-1.3983,-45.32,-3.9858
1295,-0.28742,-44.801,-4.3708
1296,-0.07869,-45.082,-4.031
1297,-0.71267,-43.839,-4.0587
1298,-3.8428,-41.09,-3.9294
1299,0.15937,-38.697,-4.5048
1300,-1.6338,-36.202,-3.4799
1301,-1.6951,-28.918,-2.4657
1302,1.5191,-22.575,-1.7888
1303,1.2794,-15.677,-0.99357
1304,3.8466,-10.588,-0.33347
1305,5.3215,-5.692,0.14113
1306,4.3411,-3.593,0.36056
1307,5.7552,0.88922,0.59701
1308,7.4064,5.2566,2.0956
1309,6.2921,6.1185,2.871
1310,3.6139,8.7926,3.7998
1311,4.846,10.598,4.2321
1312,2.9077,11.517,4.5034
1313,-0.17398,11.488,4.196
1314,0.14167,12.386,4.1418
1315,-1.6359,13.542,4.2046
1316,-2.8281,13.909,4.1613
1317,-2.9241,11.581,3.8316
1318,-2.5384,12.62,4.0186
1319,-3.121,12.86,4
1320,-2.8336,11.942,3.7081
1321,-2.5116,12.11,3.897
1322,-3.4516,10.42,3.7364
1323,-2.9704,10.925,3.8047
1324,-2.3534,10.095,3.5448
1325,-1.7178,9.2155,3.5647
1326,-3.155,9.25,3.4323
1327,-2.4055,9.5648,3.5695
1328,-1.987,9.6078,3.7226
1329,-2.1716,9.4845,4.0084
1330,-3.1772,10.343,3.7514
1331,-1.1347,9.7635,3.3017
1332,-1.9693,9.5705,3.0603
1333,-2.0307,9.9635,2.5101
1334,-2.6445,9.4008,2.3188
1335,-2.8093,9.4857,1.6948
1336,-1.4987,8.2555,1.8866
1337,-1.5071,7.8573,1.8797
1338,-2.5501,6.7197,2.6537
1339,-2.1082,7.3395,3.2833
1340,-3.2617,6.8782,3.3208
1341,-2.8126,6.9874,4.5524
1342,-3.2324,5.7671,4.4579
1343,-0.19702,4.5803,5.0721
1344,1.6801,5.2585,4.9348
1345,2.2455,5.3354,4.5621
1346,2.6245,6.1711,4.3379
1347,4.67,7.3336,3.2415
1348,4.0003,8.9048,2.6645
1349,4.8889,9.0161,1.8507
1350,8.896,9.4952,1.5829
1351,7.6232,10.476,0.37223
1352,8.4389,9.9338,0.16168
1353,10.522,11.142,-0.36473
1354,8.0731,10.977,-0.26829
1355,7.4641,8.5153,-0.025425
1356,7.7128,8.45,-0.23611
1357,8.9715,8.6377,0.29277
1358,10.459,7.3809,-0.70146
1359,11.551,5.8386,-0.70115
1360,14.043,6.4885,-0.60909
1361,14.652,6.5108,-1.187
1362,12.765,6.9749,-1.5106
1363,11.775,6.6067,-1.5761
1364,11.476,6.9991,-1.8349
1365,12.667,7.944,-2.2163
1366,13.023,6.5734,-2.1735
1367,13.228,7.4106,-1.7528
1368,11.641,7.4688,-2.2773
1369,13.789,7.3308,-1.7719
1370,12.797,6.315,-1.3176
1371,12.922,7.4633,-1.2931
1372,13.064,6.4067,-1.4226
1373,12.254,6.4471,-1.5789
1374,11.36,4.8901,-1.6605
1375,10.89,6.3342,-2.0783
1376,11.531,5.7944,-2.6191
1377,10.385,6.382,-2.6441
1378,12.382,5.8814,-3.5132
1379,14.786,5.3875,-3.8573
1380,16.784,7.6772,-4.8337
1381,16.929,5.9121,-3.9329
1382,18.177,5.792,-3.9441
1383,16.871,5.3595,-4.3553
1384,18.44,6.6093,-5.2614
1385,17.25,6.1147,-4.7431
1386,17.683,6.2838,-4.8738
1387,20.668,4.6506,-5.3635
1388,18.038,3.7983,-4.7729
1389,12.557,3.1354,-4.3962
1390,7.6297,1.6862,-3.7299
1391,11.987,0.5942,-4.7099
1392,10.313,1.0338,-4.5815
1393,10.883,0.66987,-5.3668
1394,15.76,1.1042,-6.2189
1395,13.673,-0.093294,-6.2813
1396,15.686,0.62533,-7.2977
1397,15.022,-0.89831,-7.8184
1398,16.353,-2.5831,-8.3161
1399,17.462,-1.7266,-8.3722
1400,15.551,-4.9712,-8.1582
1401,13.44,-5.4085,-8.0099
1402,13.299,-5.632,-8.1716
1403,10.053,-6.9847,-6.9726
1404,11.742,-7.0129,-6.7491
1405,11.024,-7.3546,-6.905
1406,11.204,-6.8112,-6.7532
1407,12.275,-7.0297,-6.6674
1408,13.191,-5.9273,-7.1393
1409,11.502,-8.1594,-6.886
1410,10.11,-10.986,-7.3419
1411,12.533,-9.1913,-7.2771
1412,10.918,-9.2192,-7.5151
1413,10.921,-10.553,-7.541
1414,9.2172,-8.8113,-7.8308
1415,9.0257,-9.1411,-7.7641
1416,11.378,-8.2242,-8.364
1417,11.624,-10.818,-7.796
1418,12.559,-10.284,-8.3455
1419,12.083,-10.603,-8.1132
1420,12.811,-10.863,-8.2931
1421,13.474,-11.171,-8.0157
1422,11.953,-10.732,-7.9948
1423,14.618,-12.516,-8.3575
1424,14.821,-12.898,-7.9829
1425,10.914,-12.329,-7.887
1426,12.243,-12.475,-8.0228
1427,13.306,-14.009,-8.2885
1428,11.939,-13.331,-8.4995
1429,10.482,-11.896,-8.4992
1430,11.814,-13.799,-8.5598
1431,9.9446,-14.364,-8.2109
1432,10.501,-14.037,-8.5763
1433,9.5622,-14.734,-7.7645
1434,11.434,-15.315,-7.7714
1435,9.0187,-15.049,-7.1564
1436,12.254,-17.942,-6.944
1437,11.905,-19.296,-6.2281
1438,11.739,-18.25,-5.5301
1439,10.066,-19.052,-5.4242
1440,10.461,-18.311,-5.6556
1441,10.253,-17.238,-6.2007
1442,9.2989,-18.474,-5.3413
1443,8.2982,-17.662,-5.3239
1444,8.0858,-16.463,-5.2279
1445,10.558,-14.951,-4.9649
1446,12.163,-13.096,-4.7445
1447,13.775,-12.811,-5.3952
1448,10.755,-13.679,-5.4128
1452,-2.752,-21.06,-1.0741
1453,4.69,-30.931,-0.56229
1454,6.7697,-32.082,-0.68779
1455,5.9282,-32.313,-0.97727
1456,5.554,-31.27,-0.74873
1457,5.8488,-32.222,-1.0377
1458,3.7357,-30.837,-0.97647
1459,3.2854,-31.742,-0.70286
1460,2.2437,-30.349,-1.1373
1461,2.4026,-29.592,-1.286
1462,1.9582,-28.183,-1.558
1463,2.4311,-27.438,-1.2722
1464,1.0104,-26.173,-2.1505
1465,1.8881,-25.981,-2.1803
1466,3.3391,-25.128,-2.2868
1467,0.99042,-26.563,-2.2024
1468,1.5139,-25.498,-2.5396
1469,1.8896,-25.644,-2.527
1470,2.1784,-27.314,-2.4091
1471,0.90845,-26.758,-2.0806
1472,1.1173,-29.196,-1.6539
1473,1.1698,-28.637,-0.97813
1474,0.45891,-29.047,-0.65943
1475,-0.026171,-29.945,-0.39961
1476,0.31825,-29.439,-0.4069
1477,-0.14871,-28.566,-0.10009
1478,0.31983,-29.071,0.43547
1479,-0.091684,-27.833,0.039567
1480,0.48002,-28.159,0.46669
1481,-0.72277,-26.718,-0.013832
1482,-2.014,-24.609,-0.0013652
1483,-1.029,-24.866,0.082586
1484,-1.9775,-24.199,0.17336
1485,-2.6821,-23.304,-0.54605
1486,-2.1042,-23.315,-1.1491
1487,-0.87078,-24.36,-1.1789
1488,-0.38566,-24.351,-1.4945
1489,-0.82873,-23.178,-1.5221
1490,0.072451,-22.898,-1.754
1491,0.95704,-25.135,-2.0023
1492,-0.69883,-25.806,-1.4085
1493,-1.6397,-27.623,-0.51465
1494,0.50902,-29.135,-0.46705
1495,0.64275,-29.869,0.12121
1496,1.2801,-33.121,1.0847
1497,3.241,-34.445,2.5533
1498,0.66765,-33.698,2.9405
1499,-0.49268,-33.838,3.1078
1500,-0.11073,-31.589,3.3807
1501,0.23198,-28.517,3.9639
1502,1.8603,-21.832,3.5183
1503,3.7773,-17.453,4.4915
1504,6.3814,-11.976,6.149
1505,8.2996,-7.8442,7.4715
1506,9.0808,-1.6314,7.9495
1507,10.553,4.8633,8.1917
1508,11.269,9.5914,8.3476
1509,9.3424,10.738,8.2245
1510,9.1161,10.791,8.1957
1511,10.688,9.9215,8.6396
1512,12.323,6.6237,9.2133
1513,13.135,3.7571,9.2197
1514,11.54,-2.2431,9.3725
1515,13.699,-7.506,9.3221
1516,8.3602,-6.2018,8.3726
1517,11.006,-10.487,7.6493
1518,12.357,-14.464,6.5201
1519,10.087,-19.319,5.8508
1520,8.5135,-21.219,6.5116
1521,6.05,-25.704,7.0407
1522,2.6268,-26.556,7.5287
1523,5.0201,-25.994,8.2008
1524,2.6396,-27.719,8.3938
1525,2.1684,-29.202,8.3677
1526,0.53542,-28.431,8.363
1527,-1.4513,-28.629,7.7804
1528,-1.3691,-29.754,7.6808
1529,-0.75098,-29.825,6.6381
1530,-4.538,-28.707,5.609
1531,-6.4351,-29.505,5.2644
1532,-6.8899,-29.909,5.5351
1533,-7.0963,-29.841,4.3902
1534,-3.9524,-27.998,3.7709
1535,-6.1576,-27.823,2.6051
1536,-6.1604,-28.526,1.4006
1537,-5.7842,-28.29,1.4447
1538,-6.3336,-30.204,1.3809
1539,-7.5231,-30.349,1.7831
1540,-9.4737,-31.168,1.9564
1541,-8.737,-34.943,2.3482
1542,-13.835,-33.49,4.2646
1543,-12.962,-37.833,5.9192
1544,-13.275,-40.424,5.4445
1545,-13.828,-43.229,6.878
1546,-16.53,-45.56,8.3497
1547,-13.371,-45.097,9.6656
1548,-14.438,-46.576,9.6123
1549,-15.171,-45.467,9.8649
1550,-14.791,-46.011,8.0936
1551,-15.68,-44.338,6.8882
1552,-13.08,-43.778,5.1819
1553,-11.897,-40.664,4.9709
1554,-13.413,-41.146,5.1018
1555,-12.589,-38.045,5.2174
1556,-11.954,-38.543,4.2563
1557,-10.292,-38.515,3.615
1558,-9.6322,-39.729,4.9566
1559,-10.055,-41.904,4.7737
1560,-5.3863,-43.537,3.2233
1561,-5.5057,-43.344,4.0196
1562,-8.9734,-45.44,5.324
1563,-8.178,-45.173,7.0725
1564,-6.4181,-44.329,7.4204
1565,-7.3111,-44.613,8.65
1566,-8.0924,-44.08,9.4479
1567,-7.1228,-44.594,10.371
1568,-10.224,-42.959,9.7037
1569,-12.802,-41.917,11.317
1570,-13.796,-40.69,10.479
1571,-14.851,-39.025,11.384
1572,-15.579,-39.179,10.305
1573,-15.535,-39.25,9.9133
1574,-13.445,-40.386,9.7125
1575,-14.291,-39.248,8.6548
1576,-11.567,-39.848,6.7839
1577,-11.353,-36.92,4.5845
1578,-8.655,-35.192,3.9714
1579,-10.699,-35.457,2.9702
1580,-7.7174,-32.23,2.2353
1581,-3.9921,-31.598,1.8023
1582,-3.7607,-30.403,2.3982
1583,-2.0423,-30.2,2.8823
1584,-1.5397,-27.677,3.1497
1585,-0.36354,-26.837,2.857
1586,-0.17032,-24.668,3.3942
1587,-0.57483,-22.503,3.3055
1588,-1.8443,-22.938,3.2718
1589,-2.4201,-21.744,3.4783
1590,-2.3519,-22.989,4.0031
1591,-3.6204,-23.779,4.4606
1592,-3.7125,-22.799,4.2579
1593,-3.8332,-23.795,4.4219
1594,-3.1284,-23.732,5.0966
1595,-2.6756,-23.901,4.8508
1596,-0.71164,-23.752,5.0079
1597,-4.0299,-23.365,4.0043
1598,1.3744,-23.393,4.2013
1599,4.5269,-21.661,3.9098
1600,-5.4974,-21.154,0.084412
1601,-4.6332,-25.881,1.2322
1602,-4.3312,-25.782,0.5707
1603,-4.9256,-25.175,0.52014
1604,-5.458,-25.439,0.69754
1605,-5.5457,-25.581,0.78632
1606,-7.9532,-25.392,0.45784
1607,-7.1742,-25.488,0.70626
1608,-7.5147,-25.601,0.54055
1609,-8.0793,-26.315,0.47943
1610,-9.0995,-26.412,0.49389
1611,-9.5988,-27.995,0.39598
1612,-9.996,-28.5,0.21427
1613,-10.076,-28.277,0.83201
1614,-11.244,-29.943,0.93539
1615,-10.821,-30.139,0.83961
1616,-12.279,-30.16,0.81365
1617,-12.745,-30.853,0.8621
1618,-11.875,-31.743,0.49693
1619,-11.936,-31.253,-0.015965
1620,-12.778,-31.917,-0.072052
1621,-12.472,-30.185,0.25159
1622,-12.539,-29.69,0.29658
1623,-10.875,-31.334,-0.77128
1624,-9.8054,-31.68,-0.95758
1625,-8.5456,-32.347,-1.5186
1626,-8.088,-35.409,-1.6388
1627,-7.34,-35.68,-2.2598
1628,-6.4095,-38.131,-2.5269
1629,-5.0979,-39.131,-3.3488
1630,-5.4365,-41.944,-3.5785
1631,-8.5226,-41.972,-2.0464
1632,-9.1687,-41.852,-1.9017
1633,-12.014,-40.651,-0.55713
1634,-13.847,-35.344,-0.15637
1635,-9.5698,-36.148,-1.0996
1636,-4.6758,-30.776,-2.9428
1637,-4.5676,-28.947,-2.1665
1638,-6.4852,-19.087,-3.248
1639,-1.6179,-12.317,-3.9244
1640,1.0998,-10.783,-3.3151
1641,0.58032,-8.7599,-3.5532
1642,-0.33242,-9.0105,-3.9248
1643,0.054871,-10.81,-4.1111
1644,-4.7556,-13.215,-5.064
1645,-7.4001,-11.136,-5.8209
1646,-14.444,-20.337,-3.4098
1647,-20.811,-13.836,-0.32843
1662,-9.2065,-38.408,-0.32429
1663,-5.2122,-38.229,-1.8912
1664,-5.2197,-38.892,-1.6404
1665,-6.336,-38.17,-1.6813
1666,-7.6626,-37.893,-1.5056
1667,-7.6457,-35.835,-1.7801
1668,-8.1539,-36.181,-1.0894
1669,-9.8647,-36.007,-0.77487
1670,-13.379,-36.233,-0.11197
1671,-15.86,-37.315,0.62433
1672,-15.947,-34.717,0.53002
1673,-16.663,-34.656,3.8211
1674,-13.148,-21.44,4.8489
1675,-4.3403,-17.673,7.1389
1708,-5.2594,-33.286,1.3211
1709,-0.83996,-35.216,0.46864
1710,-0.36584,-33.381,-0.10716
1711,-1.4051,-33.504,0.26217
1712,-1.6852,-33.196,0.39533
1713,-0.73345,-32.867,1.1257
1714,-1.5507,-32.892,1.4505
1715,-2.1552,-32.194,2.0495
1716,-2.0578,-31.608,2.0334
1717,-1.1376,-30.844,1.5625
1718,-2.2597,-30.657,1.6005
1719,-1.8864,-30.696,1.5102
1720,-2.432,-31.164,1.338
1721,-2.9104,-30.697,1.0972
1722,-2.5756,-31.456,1.6031
1723,-2.6058,-31.095,1.6948
1724,-2.0474,-31.148,2.0493
1725,-2.0701,-31.509,2.461
1726,-1.0731,-33.208,2.641
1727,0.41208,-35.07,2.2002
1728,-0.51651,-37.321,2.2333
1729,-1.5576,-38.55,2.1046
1730,0.30955,-42.113,2.5766
1731,-4.2162,-45.594,5.1165
1732,-7.3985,-43.024,4.7059
1733,-11.415,-37.643,8.1768
1734,-13.44,-35.072,7.3994
1735,-11.39,-29.324,4.0541
1736,-9.4512,-17.024,3.1017
1737,-3.1853,-5.6431,4.5601
1738,-3.4886,-3.7604,3.4987
1739,-1.6924,-6.0821,3.7596
1740,-0.50668,-0.76141,4.1282
1741,-0.52625,1.6753,4.678
1757,-4.8843,-34.091,3.9006
1758,-2.6137,-32.708,2.3239
1759,-1.9902,-30.227,2.1606
1760,-1.009,-29.222,2.4273
1761,-3.7002,-28.564,2.4896
1762,-1.5821,-28.037,2.5984
1763,-2.0305,-27.237,2.7908
1764,-1.1712,-25.77,2.0772
1765,-0.69854,-26.047,2.1427
1766,1.0265,-26.397,1.7902
1767,1.3879,-25.348,1.9137
1768,0.089487,-25.113,2.1078
1769,0.34826,-24.78,1.7097
1770,1.1533,-24.307,1.1561
1771,2.1418,-24.349,1.4211
1772,2.0145,-23.296,1.23
1773,1.2442,-22.858,1.8337
1774,2.1618,-23.145,1.8635
1775,0.35752,-21.768,1.7399
1776,1.1132,-22.695,2.2535
1777,1.098,-21.76,1.905
1778,0.62259,-21.376,1.5046
1779,0.76512,-20.655,2.1154
1780,-1.2937,-21.758,1.8075
1781,-0.39881,-21.455,1.6767
1782,-0.75497,-20.123,0.75543
1783,-1.041,-20.216,0.78015
1784,1.0934,-20.431,0.34978
1785,-0.46414,-18.948,-0.089031
1786,0.88483,-20.182,-0.16118
1787,1.1253,-19.662,0.0048682
1788,-0.0076172,-21.549,0.7982
1789,0.3441,-20.534,0.94229
1790,2.1677,-20.702,1.679
1791,2.0404,-20.799,1.9499
1792,0.82989,-19.355,2.6068
1793,1.1637,-20.385,2.2294
1794,0.98917,-21.367,1.1349
1795,2.4898,-21.881,1.2477
1796,2.6502,-21.951,1.1806
1797,3.3567,-22.371,0.10756
1798,4.1681,-21.476,-0.41467
1799,5.1063,-21.184,-0.82889
1800,4.9723,-20.735,-0.84664
1801,8.4138,-19.694,-1.6014
1802,6.0992,-21.187,-1.4905
1803,6.1913,-20.896,-2.2583
1804,5.912,-19.948,-2.5835
1805,7.0203,-19.186,-3.1262
1806,5.9833,-19.923,-3.6746
1807,4.4959,-19.119,-3.5204
1808,5.1654,-19.327,-3.7484
1809,7.0988,-20.346,-3.7877
1810,5.8659,-20.367,-3.5329
1811,1.8303,-13.319,-0.30602
1812,1.6989,-15.439,-1.0964
1813,2.1287,-14.785,-1.3791
1814,2.8961,-14.821,-1.3294
1815,3.0631,-14.251,-1.1713
1816,2.6111,-15.052,-1.7528
1817,5.1086,-16.608,-0.88613
1818,4.2385,-16.179,-0.58317
1819,3.9449,-16.309,0.07677
1820,7.7365,-15.923,0.0020443
1821,5.9817,-14.266,-0.052673
1822,4.734,-15.558,0.12118
1823,4.4981,-14.472,-0.028508
1824,4.3999,-13.586,0.10335
1825,5.1802,-13.454,-0.31847
1826,6.0349,-14.487,-0.60328
1827,6.4396,-14.986,-1.0581
1828,8.3162,-13.72,-0.51942
1829,9.5178,-11.431,-1.1339
1830,8.3993,-10.371,-0.86728
1831,10.539,-9.9061,-1.7444
1832,11.184,-8.4306,-1.2248
1833,14.084,-7.9174,-1.7876
1834,13.81,-7.2735,-2.5196
1835,14.591,-7.2208,-2.788
1836,16.01,-5.8154,-2.6934
1837,15.102,-6.1578,-3.1983
1838,13.539,-6.5388,-2.753
1839,14.8,-6.7093,-3.4046
1840,14.928,-6.0621,-3.3156
1841,14.473,-6.5812,-3.3301
1842,14.565,-6.1348,-3.6911
1843,15.439,-7.0171,-3.2028
1844,15.617,-7.2359,-3.4633
1845,16.758,-6.7739,-3.0213
1846,17.028,-7.5482,-3.0587
1847,16.174,-7.7758,-2.6167
1848,15.013,-8.037,-2.6461
1849,15.866,-7.9178,-2.1942
1850,14.518,-8.1286,-1.7914
1851,13.296,-6.9705,-2.1905
1852,15.459,-8.3682,-2.2496
1853,16.48,-9.2499,-1.5355
1854,16.879,-9.9382,-1.914
1855,16.057,-10.906,-2.1243
1856,14.921,-11.474,-2.1954
1857,14.498,-9.288,-2.3888
1858,15.151,-8.1575,-2.4177
1859,12.32,-8.77,-3.0811
1860,12.756,-8.4599,-3.0104
1861,12.456,-8.1677,-2.4533
1862,12.003,-9.4811,-2.0347
1863,11.747,-9.8313,-1.3829
1864,10.139,-10.722,-0.36414
1865,11.89,-12.605,-0.44465
1866,10.855,-13.722,0.95547
1867,12.16,-13.469,0.50099
1868,10.782,-13.996,0.88569
1869,9.8667,-14.207,0.70305
1870,11.591,-12.295,0.19057
1871,11.249,-11.476,-0.0030001
1872,12.112,-9.5638,-0.8323
1873,13.166,-8.2712,-1.4323
1874,15.393,-8.1276,-1.5908
1875,14.446,-6.6948,-2.5253
1876,13.953,-6.7427,-3.3822
1877,13.967,-6.3419,-3.466
1878,13.978,-6.2766,-3.5584
1879,14.181,-4.451,-3.2482
1880,14.525,-3.1111,-2.9037
1881,12.018,-0.65556,-2.1607
1882,13.535,3.3779,-2.5176
1883,13.192,4.242,-1.7156
1884,8.6041,7.3194,-1.7214
1885,9.155,7.9666,-1.5412
1886,7.2396,9.3557,-1.5477
1887,6.8494,9.9293,-1.0209
1888,7.5168,11.439,-1.574
1889,7.1659,11.504,-1.5475
1890,6.1395,11.795,-1.8277
1891,4.8682,12.538,-1.5785
1892,5.4237,12.662,-1.8078
1893,7.7116,11.116,-1.3841
1894,5.8465,9.1457,-0.93635
1895,7.9964,8.8755,-0.12511
1896,6.7456,9.3678,0.6339
1897,13.468,10.434,1.9765
1898,15.083,8.563,2.8506
1899,15.503,8.2159,3.4695
1900,16.75,5.4716,3.3751
1901,17.12,1.8801,2.4945
1902,14.155,-1.9637,2.0403
1903,16.836,-4.918,1.3072
1904,16.623,-7.8113,0.51438
1905,14.4,-9.5865,0.22184
1906,14.213,-10.991,-0.13137
1907,13.941,-11.183,0.078387
1908,12.821,-11.306,0.65834
1909,14.266,-11.199,0.58126
1910,11.92,-11.051,0.99133
1911,14.303,-10.233,1.1009
1912,11.533,-10.016,1.0058
1913,9.0947,-7.2679,1.7434
1914,7.9014,-1.4667,2.4439
1915,7.3188,3.248,2.6814
1916,7.2147,6.2971,2.9012
1917,5.6854,9.073,3.1201
1918,3.2227,11.704,3.5215
1919,3.6116,12.427,4.8362
1920,1.6332,13.516,6.1025
1921,1.7474,14.122,7.3436
1922,4.2154,12.486,9.0836
1923,6.8784,11.661,10.733
1924,12.049,9.4924,12.069
1925,13.404,7.5573,13.474
1926,13.592,5.101,14.434
1927,16.251,2.8483,15.453
1928,15.505,-0.90321,16.071
1929,13.412,-5.2552,16.22
1930,11.245,-6.1089,18.944
1931,9.6299,-8.7713,19.006
1932,1.4251,-15.368,20.506
1933,0.50723,-34.903,14.71
1934,3.1685,-32.203,11.877
1935,0.83516,-29.081,11.23
1936,-2.2232,-23.83,12.591
1937,-2.2394,-25.435,11.76
1938,-5.9696,-29.371,11.369
1939,-6.5342,-31.225,12.507
1940,-4.7097,-31.71,10.447
1941,-5.0281,-33.839,10.417
1942,3.3856,-33.054,7.5287
1943,-1.8372,-27.937,11.891
1944,-2.338,-29.976,10.188
1945,4.8224,-34.376,4.2258
1946,5.2616,-29.634,2.6014
1947,5.739,-25.454,3.3153
1948,4.3231,-23.51,3.0853
1949,4.5054,-22.274,2.8467
1950,6.3254,-20.053,2.2044
1951,6.5493,-16.279,1.6984
1952,5.3034,-15.602,1.5062
1953,6.0011,-14.739,1.3095
1954,7.5894,-14.29,1.3092
1955,6.2399,-14.158,1.7302
1956,7.0241,-11.853,1.9303
1957,6.8304,-12.759,2.5845
1958,6.7912,-11.502,2.4406
1959,5.8941,-11.709,2.401
1960,6.4692,-12.456,2.4309
1961,4.2833,-11.228,2.9779
1962,2.9156,-11.511,3.1681
1963,3.7339,-10.508,3.434
1964,4.4635,-10.711,3.4857
1965,4.7995,-11.803,3.7352
1966,3.6239,-10.957,3.7796
1967,3.9821,-10.15,3.5778
1968,3.459,-9.9955,3.7443
1969,5.3913,-9.6294,3.9317
1970,5.1255,-9.5449,3.8334
1971,5.2678,-8.7834,3.6987
1972,5.0476,-8.8277,3.8026
1973,6.555,-4.9908,3.606
1974,7.5102,-1.8519,3.7761
1975,8.774,1.9898,3.7378
1976,7.3469,5.8661,4.6537
1977,6.2236,10.636,5.579
1978,5.6412,15.069,6.33
1979,5.4513,17.079,6.4458
1980,4.6153,18.769,6.7757
1981,6.1667,20.55,6.9703
1982,5.8035,21.072,7.6854
1983,6.4891,21.622,7.8289
1984,6.4187,20.342,8.1874
1985,7.7038,20.224,8.7771
1986,8.9732,19.989,9.2052
1987,12.614,16.439,9.827
1988,14.368,14.681,10.027
1989,15.696,13.369,9.9484
1990,17.075,9.8653,10.324
1991,17.819,7.112,9.701
1992,15.209,1.6241,8.6582
1993,14.053,-4.1438,6.7702
1994,12.527,-7.9783,4.6579
1995,13.44,-13.212,1.8244
1996,11.693,-14.867,1.5565
1997,10.845,-16.463,2.011
1998,10.117,-14.264,2.3946
1999,10.201,-13.483,1.8589
2000,10.04,-11.091,2.2976
2001,9.1467,-5.9523,3.3117
2002,9.0575,3.6493,4.6085
2003,7.7876,8.2017,5.9326
2004,5.6714,17.955,6.5662
2005,3.9923,31.65,8.3945
2006,7.2407,28.235,9.9475
2007,-4.9382,32.802,4.2377
2008,-8.6667,27.458,2.9368
2009,-9.4689,28.405,2.2833
2010,-11.298,28.019,1.952
2011,-8.4478,30.395,0.58696
2012,-6.5681,30.614,1.6991
2013,-5.9349,30.918,1.4855
2014,-7.128,31.103,1.5319
2015,-6.5859,31.103,1.7238
2016,-8.4868,32.747,1.66
2017,-8.5611,29.395,3.2241
2018,-5.7176,23.682,0.98466
2019,3.797,14.957,-0.6407
2020,9.5976,15.058,-3.0096
2021,8.107,15.432,-6.5424
2022,14.964,9.8913,-8.7298
2023,-4.313,-0.45094,-11.275
2024,0.75342,-17.587,-8.486
2025,7.2014,-1.5593,-0.27138
2026,8.8881,-2.5375,0.03165
2027,9.5774,-1.213,-0.05347
2028,9.2421,-1.1494,0.089431
2029,8.4451,0.0301,-0.41023
2030,9.9165,1.2152,-0.80849
2031,9.9678,3.0034,-1.2871
2032,9.3271,4.4588,-1.7462
2033,8.06,7.2952,-1.4685
2034,5.296,11.067,-1.0271
2035,2.5952,18.546,-0.48792
2036,1.0091,25.257,1.1979
2037,3.1274,36.644,3.2516
2038,1.342,38.545,3.9594
2039,-2,39.132,4.3067
2040,-1.309,40.299,4.5477
2041,-3.3408,39.762,2.971
2042,-7.2792,38.193,2.24
2043,-8.7927,36.135,1.7315
2044,-9.5176,36.873,0.57338
2045,-10.891,38.586,0.50319
2046,-9.9498,37.163,2.8017
2047,-12.266,36.324,1.8991
2048,-13.197,32.469,0.69888
2049,-11.787,32.9,0.67889
2050,-11.601,29.063,-1.3872
2051,-12.808,27.153,-1.3676
2052,-9.3766,22.42,-1.3137
2053,-9.6033,19.743,-1.9489
2054,-9.4683,18.155,-1.7847
2055,-9.6389,16.923,-1.5358
2056,-10.587,14.207,-1.2642
2057,-10.538,14.356,-0.62028
2058,-11.718,15.16,-0.48424
2059,-10.736,13.607,-1.0603
2060,-10.07,14.384,0.11908
2061,-9.805,13.886,0.84436
2062,-9.6358,12.574,1.4294
2063,-8.0654,16.769,0.86902
2064,-7.3254,17.998,0.65101
2065,-7.7703,23.614,-0.76711
2066,-11.665,21.611,0.02303
2067,-5.406,17.841,-0.93444
2068,6.6265,15.826,-3.4661
2069,0.28921,15.997,-9.7987
2070,2.3076,11.467,-12.15
2071,-8.1651,3.828,-13.945
2073,6.0625,-10.593,1.2586
2074,5.9834,-11.068,0.60408
2075,4.433,-12.555,0.77945
2076,3.9693,-14.387,0.22617
2077,2.3086,-16.301,0.39118
2078,2.0023,-16.659,-0.12995
2079,0.26738,-17.986,-0.070615
2080,1.1182,-19.138,-0.058626
2081,1.6378,-19.351,-0.51728
2082,0.48588,-19.313,-0.040806
2083,2.1209,-19.551,-0.31011
2084,2.657,-17.959,-0.86866
2085,4.5458,-18.126,-0.48227
2086,3.7656,-17.816,-0.23054
2087,4.2869,-18.695,-0.060037
2088,4.2299,-17.554,0.23849
2089,3.7484,-18.968,0.41892
2090,3.2659,-18.49,1.1151
2091,3.3255,-18.636,1.3701
2092,1.5961,-18.391,2.3464
2093,0.95997,-18.774,2.7884
2094,-0.13885,-19.13,3.0779
2095,1.0517,-19.224,3.8362
2096,1.2779,-19.972,3.834
2097,1.6652,-19.277,4.137
2098,3.2153,-18.972,4.4294
2099,2.6757,-18.433,4.1185
2100,4.6806,-18.468,4.2935
2101,3.0614,-18.606,3.4101
2102,3.7194,-17.758,3.0633
2103,2.7807,-17.679,2.3244
2104,3.6503,-17.874,1.8742
2105,3.8559,-16.974,1.4533
2106,1.6252,-17.033,1.5341
2107,3.0222,-17.946,1.3142
2108,2.3186,-18.403,1.3094
2109,3.6167,-18.192,1.5847
2110,3.7754,-18.701,2.0973
2111,3.5462,-18.76,1.9636
2112,2.4206,-18.519,2.3144
2113,1.3486,-19.455,2.1191
2114,2.0386,-18.26,2.4909
2115,1.6055,-18.93,2.7754
2116,1.4982,-18.595,2.5868
2117,1.0787,-19.393,2.6226
2118,0.57216,-19.226,2.4798
2119,1.6781,-19.466,3.1716
2120,2.0004,-19.495,3.2113
2121,2.9709,-20.177,3.2727
2122,3.1721,-19.735,3.7037
2123,2.5995,-20.099,3.9005
2124,3.7909,-19.887,4.0945
2125,2.3644,-18.578,4.3797
2126,4.7162,-18.163,4.3195
2127,7.604,-17.427,4.3393
2128,5.7103,-18.847,4.3741
2129,7.0187,-18.826,4.1323
2130,6.2347,-18.407,4.0352
2131,9.0781,-17.739,3.5105
2132,8.6623,-17.594,3.1179
2133,10.052,-16.442,2.5271
2134,8.1327,-15.994,2.7846
2135,8.9726,-16.916,2.5401
2136,8.0117,-16.872,2.496
2137,6.544,-16.552,2.8527
2138,7.3519,-16.734,3.2003
2139,9.0222,-17.155,3.0519
2140,7.1238,-15.681,2.8646
2141,8.7016,-17.215,2.9555
2142,9.9939,-16.909,2.4343
2143,10.034,-17.37,2.7478
2144,8.3947,-16.33,1.681
2145,8.9495,-17.164,1.4446
2146,8.4344,-15.834,0.51486
2147,10.987,-17.618,0.459